070 8838 7442
076 7714 1972
0803 252 5832
(01785) 00654
(0113) 547 1313
0932 662 1827
07624 434437
0904 760 0041
(029) 9233 1283
(013668) 74742
(0110) 648 1936
055 8339 7092
056 1302 1548
0361 824 8710
(01052) 132327
0500 592474
076 8603 9585
0800 127 7267
07624 460282
0352 044 4257
0378 300 7225
(016977) 0356
(0111) 855 4114
076 0319 9175
0500 694829
0800 542 1557
0800 046 3779
(023) 7235 6401
070 9775 1930
(016977) 3589
0816 693 7089
0800 268 9524
070 0173 6441
0381 054 8664
(01675) 93203
055 1475 6069
0845 46 48
076 3720 4067
07397 886765
0800 502 4808
055 5793 8108
(016977) 4967
0800 1111
(016977) 5857
076 8878 8231
(01823) 22891
0845 46 43
07995 596751
(01618) 896119
0845 46 47
070 2138 6015
0500 249677
0870 147 8793
0800 736 5421
0845 46 43
(01310) 165653
0800 520743
0500 377868
070 0511 9679
070 7265 4927
0874 706 0648
0500 249392
070 3357 6998
0800 1111
07624 564496
(026) 6755 2520
0500 326398
(025) 3440 6866
0845 46 46
0800 737067
(01075) 637320
055 6019 5743
07624 527899
(01830) 48272
056 0836 6437
0800 1111
0821 182 1755
(011635) 82245
076 3483 5907
0800 288335
0882 270 5638
070 7258 4025
055 4262 9184
(014520) 96427
(028) 1955 1620
(0111) 613 3466
(0111) 175 0606
0312 776 5423
070 9418 2286
(0116) 645 2924
0845 46 49
055 4587 7090
07498 125245
056 6012 2663
056 0568 3325
0500 829366
(01303) 833363
0996 930 6133
(01585) 449436
0800 1111