-0.1969933771
-0.3510039689
-0.4149644089
0.311355745
0.0037986887
0.2321487589
0.0366201031
0.1799705161
0.1875024489
0.0670308874
-0.0471070486
0.3592213184
0.2524078828
-0.0735781484
-0.1380080102
0.3023528152
0.108708586
0.0920417325
0.0782938529
0.4846190387
0.1808432105
0.2846077804
-0.0539221124
0.5568596206
-0.0444355373
-0.3210490518
-0.116809711
-0.0003609632
0.192554219
-0.4994152988
0.4524866399
-0.0142565123
0.2802362664
0.160684151
0.116901127
0.0425586038
-0.5371815219
0.1150274531
0.3541326584
0.2200417384
0.4498660571
0.2638698506
-0.0957625431
0.2584133508
0.3393218179
-0.5139349979
-0.347140713
-0.2284107539
0.3091956675
0.2465890549
0.0602647313
-0.0161015457
-0.0415324116
0.122788692
-0.0687265122
-0.0236114983
-0.2690598339
0.1159462132
0.4312516276
-0.1000635524
-0.3761616182
0.2576199038
0.4694662563
-0.0863960747
0.2674662953
0.0965776602
-0.0102221793
-0.0026413563
0.2042861893
0.3576301908
0.3042730328
0.0659313783
-0.2905482969
-0.2097205079
-0.129251783
0.0111069661
-0.259750492
-0.0951205657
-0.1362130769
-0.2299184011
0.049482618
-0.6280348518
0.1334919265
0.1534432209
0.1926051057
-0.4397872463
0.3340915897
0.2300255241
0.2515967305
0.0095200062
-0.1177131694
-0.0162034754
-0.1466378286
0.1204410836
-0.2245294309
0.0041632186
0.4622426398
-0.0182329926
-0.0441924516
-0.0587237418